<?xml version="1.0"?>
<opencv_storage>
<calibration_Time>"Wed Oct 17 12:09:23 2018"</calibration_Time>
<nrOfFrames>25</nrOfFrames>
<image_Width>640</image_Width>
<image_Height>480</image_Height>
<board_Width>9</board_Width>
<board_Height>7</board_Height>
<square_Size>20.</square_Size>
<FixAspectRatio>1.</FixAspectRatio>
<!-- flags:  +fix_aspectRatio +fix_principal_point +zero_tangent_dist -->
<flagValue>14</flagValue>
<Camera_Matrix type_id="opencv-matrix">
  <rows>3</rows>
  <cols>3</cols>
  <dt>d</dt>
  <data>
    6.1515715951454717e+02 0. 3.1950000000000000e+02 0.
    6.1515715951454717e+02 2.3950000000000000e+02 0. 0. 1.</data></Camera_Matrix>
<Distortion_Coefficients type_id="opencv-matrix">
  <rows>5</rows>
  <cols>1</cols>
  <dt>d</dt>
  <data>
    -8.5908556030073538e-02 2.9748529216259980e+00 0. 0.
    -1.7865772162910201e+01</data></Distortion_Coefficients>
<Avg_Reprojection_Error>3.0178180002500071e-01</Avg_Reprojection_Error>
<Per_View_Reprojection_Errors type_id="opencv-matrix">
  <rows>25</rows>
  <cols>1</cols>
  <dt>f</dt>
  <data>
    2.94773459e-01 3.03915083e-01 2.87953883e-01 3.05426896e-01
    3.02192211e-01 2.95734793e-01 3.06035936e-01 3.13157260e-01
    2.94557154e-01 2.91947395e-01 2.99262941e-01 3.03213626e-01
    3.09624851e-01 3.00273865e-01 3.03847641e-01 2.96170026e-01
    3.07210475e-01 3.00145209e-01 2.94663489e-01 2.97952712e-01
    3.10179442e-01 3.03600758e-01 3.12215090e-01 3.05969357e-01
    3.02867740e-01</data></Per_View_Reprojection_Errors>
<!-- a set of 6-tuples (rotation vector + translation vector) for each view -->
<Extrinsic_Parameters type_id="opencv-matrix">
  <rows>25</rows>
  <cols>6</cols>
  <dt>d</dt>
  <data>
    -1.6907626701894415e-01 -6.0697488975081933e-02
    -9.3111017984337970e-03 -1.0767437760070291e+02
    -6.5645646137095710e+01 4.2806425881299538e+02
    -1.6783162675244384e-01 -6.1185251875161065e-02
    -9.2446615076415221e-03 -1.0732975518325632e+02
    -6.5634198254543008e+01 4.2781490299902271e+02
    -1.6648087148704932e-01 -6.5373883004344907e-02
    -8.4338710839584191e-03 -1.0650063852528903e+02
    -6.5626165199740356e+01 4.2685225804079954e+02
    -1.7418082534247975e-01 -6.6069218914010935e-02
    -4.5754469495416263e-03 -1.0586423299665820e+02
    -6.7225811205387046e+01 4.2616029931446940e+02
    -1.6613689059897743e-01 -6.6842283294488353e-02
    -4.7171865179510865e-03 -1.0572426456383286e+02
    -6.6481019444029869e+01 4.2626608369589155e+02
    -1.6887402059601103e-01 -6.7148692583709771e-02
    -5.5167856881546936e-03 -1.0590354135553143e+02
    -6.6478718376001439e+01 4.2636256838574104e+02
    -1.6718485724651455e-01 -6.9417486716271834e-02
    -5.5911711907607829e-03 -1.0545712598952633e+02
    -6.6425927505297025e+01 4.2645081384061979e+02
    -1.6767486893771213e-01 -6.5899022268546992e-02
    -5.1888637479375133e-03 -1.0577370058876548e+02
    -6.6336719551070786e+01 4.2697350813495774e+02
    -1.7004771037325275e-01 -6.5967976265525974e-02
    -5.4210116329383448e-03 -1.0600530626156866e+02
    -6.6570232132422362e+01 4.2723198687320598e+02
    -1.6913712043834583e-01 -6.5625537914569154e-02
    -4.9999674618872647e-03 -1.0584154490578393e+02
    -6.6746114725278119e+01 4.2740947507661878e+02
    -1.6828357822705070e-01 -6.5973112798404843e-02
    -5.4197380183004093e-03 -1.0596091975814372e+02
    -6.6191137867000762e+01 4.2729292563152768e+02
    -1.7013838125049838e-01 -6.6540662906556317e-02
    -5.3054603392797854e-03 -1.0598174826189688e+02
    -6.6318697013880382e+01 4.2765678660715969e+02
    -1.6982563190012750e-01 -6.5601546766520899e-02
    -4.6723211502710605e-03 -1.0593111924342905e+02
    -6.6513038974601969e+01 4.2769329960121354e+02
    -1.7168265827439713e-01 -6.4833729070056634e-02
    -4.7167100357253513e-03 -1.0572505194298122e+02
    -6.6184891657012187e+01 4.2734593187268734e+02
    -1.6705890968869289e-01 -6.4862305408528137e-02
    -5.0316144114120063e-03 -1.0583694874938035e+02
    -6.5617926158331144e+01 4.2719899769139664e+02
    -1.7076005759114610e-01 -6.5915067628192561e-02
    -5.5756676765042661e-03 -1.0582240654321218e+02
    -6.5850090388237888e+01 4.2694976937325680e+02
    -1.6813840503053415e-01 -6.6753377911202547e-02
    -4.6637557268426914e-03 -1.0574951709351642e+02
    -6.5643038267416813e+01 4.2678317691051967e+02
    -1.7064837041521883e-01 -6.6217423467761508e-02
    -4.7095885779004348e-03 -1.0571476737441651e+02
    -6.5866810183451108e+01 4.2687063153937260e+02
    -1.6764868306495312e-01 -6.9620535486709989e-02
    -3.8912242412427094e-03 -1.0523504516231910e+02
    -6.5460840563737634e+01 4.2610441046635998e+02
    -1.7084767015998881e-01 -6.8126434538188410e-02
    -2.3489628024626862e-03 -1.0518267984793437e+02
    -6.5852043035340529e+01 4.2669515506085509e+02
    -1.7092636497103122e-01 -6.7289012712550833e-02
    -1.0592117629268320e-03 -1.0519539491929497e+02
    -6.6521082329002994e+01 4.2657070953155011e+02
    -1.6994633729796482e-01 -6.9394886546386522e-02
    -1.2909724581859181e-03 -1.0491635024352236e+02
    -6.6323962716462148e+01 4.2639913136474058e+02
    -1.6960132887114679e-01 -7.0144122635686049e-02
    -6.3292993210748566e-04 -1.0486253859523235e+02
    -6.6317196134530448e+01 4.2598347042415213e+02
    -1.7191826840124974e-01 -7.0061924639825093e-02
    6.8572219301400153e-04 -1.0473682343140005e+02
    -6.6336335671785136e+01 4.2629582651549288e+02
    -1.7083720664421695e-01 -6.7653944471970900e-02
    1.2483890789853867e-03 -1.0521588921593498e+02
    -6.6366156787526549e+01 4.2677441349321560e+02</data></Extrinsic_Parameters>
